-89.769850, 88.765068, -187.686329
-89.623699, 89.125948, -184.051704
-88.100204, 87.282715, -188.684959
-94.231224, 97.891617, -181.346149
-94.201889, 97.764235, -184.235859
-80.696840, 77.863398, -190.867634
-82.917051, 80.153408, -190.899181
-78.473005, 75.576620, -190.848331
-78.531322, 75.557318, -188.103313
-83.476658, 81.195745, -187.538052
-71.858211, 70.970879, -190.866623
-71.191397, 71.390686, -190.866623
-70.577106, 70.173717, -187.473164
-73.038998, 71.735420, -187.473164
-76.176801, 73.476763, -190.835934
-75.274553, 72.903519, -189.501114
-75.965972, 73.640151, -187.473164
-72.065930, 73.162985, -174.037838
-69.204545, 71.365442, -174.037838
-78.333206, 75.803185, -186.610508
-71.827755, 73.341622, -172.555695
-71.449161, 73.727684, -171.062889
-69.462771, 73.474946, -168.432655
-78.253117, 82.662363, -166.838875
-78.333888, 84.831972, -161.999130
-76.484261, 82.112865, -163.495674
-76.587839, 84.476643, -159.038601
-74.902453, 84.844666, -157.439861
-78.316717, 87.097301, -157.540188
-96.406441, 102.309322, -182.239761
-96.348782, 102.519932, -179.575119
-94.773121, 99.061680, -180.662041
-94.220772, 100.085850, -177.047005
-93.790808, 98.541393, -178.516273
-98.468933, 114.040852, -173.238335
-103.074503, 124.821129, -177.081203
-103.057966, 124.784775, -179.843941
-103.243675, 126.025925, -176.311703
-103.718634, 128.340378, -176.277065
-101.251698, 121.463490, -173.883705
-100.759182, 122.879562, -170.789967
-102.777576, 126.025925, -173.933182
-100.549068, 119.345112, -173.883705
-102.965736, 127.560701, -173.117027
-103.769579, 130.579596, -174.037838
-74.902453, 85.740356, -156.644602
-76.823902, 86.404428, -156.706219
-89.489460, 118.600636, -139.724865
-87.376328, 104.813843, -148.273954
-90.823269, 123.861923, -138.210287
-91.754093, 127.741518, -137.833900
-89.441490, 120.932140, -137.446032
-89.897594, 126.294632, -133.871450
-92.264996, 132.604980, -135.752802
-88.356400, 126.358871, -131.617956
-89.630051, 127.170029, -132.571239
-88.928957, 128.340378, -131.098070
-91.549253, 132.604980, -133.708601
-89.338665, 130.579596, -130.651264
-87.754564, 124.402122, -132.157488
-87.465420, 127.040539, -130.310078
-88.219051, 130.579596, -130.006380
-89.409065, 132.818813, -130.524893
-85.235624, 100.225811, -150.342751
-85.756207, 101.590538, -149.520369
-85.423470, 102.417498, -148.133726
-86.322861, 112.639446, -138.191795
-85.551329, 113.103123, -136.699934
-82.717953, 113.686399, -134.807768
-85.601578, 111.174603, -138.644133
-85.198803, 124.954205, -130.357647
-87.417774, 113.668575, -139.232273
-107.559376, 147.202377, -182.148857
-107.653608, 148.509235, -180.761604
-107.923698, 152.971821, -180.755501
-107.207050, 148.509235, -178.614407
-107.366266, 150.732594, -178.005104
-107.686501, 152.971821, -178.926239
-109.638777, 194.268379, -195.427990
-110.007706, 188.819790, -193.226528
-110.117292, 191.038589, -193.510437
-109.977064, 194.268379, -195.427990
-109.381475, 199.175053, -195.606232
-109.819508, 199.234638, -194.190826
-109.815617, 199.175053, -195.606232
-107.807293, 201.514874, -193.372803
-107.056093, 201.514874, -193.372803
-110.024385, 186.560135, -190.042858
-110.111885, 188.439770, -192.306957
-110.319948, 191.038589, -191.951618
-109.786053, 199.055042, -192.992172
-107.557077, 201.268921, -188.518906
-107.765980, 201.550198, -189.712391
-105.423460, 203.552437, -185.971756
-105.523863, 203.653507, -188.928509
-103.976412, 144.014931, -167.320175
-103.130646, 144.648094, -163.738937
-104.465837, 159.689484, -162.841721
-104.108582, 168.646374, -158.363285
-104.522076, 168.646374, -160.602512
-104.312334, 203.863564, -185.228786
-104.599819, 203.653507, -188.928509
-103.753309, 203.918343, -182.994728
-101.926212, 204.272022, -180.755501
-101.926212, 204.243317, -182.994728
-99.686985, 204.389553, -176.277065
-100.731564, 203.129044, -170.901566
-101.215305, 203.967323, -174.037838
-99.238739, 203.631153, -169.947281
-97.447777, 204.040565, -171.798611
-99.686985, 204.522343, -174.037838
-97.227449, 203.349380, -168.457603
-98.617764, 199.052238, -157.080116
-97.245331, 201.030979, -159.657984
-98.676424, 201.327419, -161.228542
-97.447777, 202.198601, -162.841721
-95.779486, 201.411285, -161.014671
-73.767362, 201.171017, -175.568924
-75.725374, 201.187859, -172.649059
-74.232554, 201.040039, -173.093662
-68.337889, 199.725552, -174.037838
-72.939105, 200.824661, -173.919182
-98.215218, 153.176422, -140.657129
-91.699381, 134.588127, -132.946701
-91.871138, 136.080952, -132.570553
-92.176361, 139.536476, -132.092104
-92.539845, 144.014931, -132.155571
-89.378080, 137.297258, -130.448799
-96.782970, 150.605545, -138.011837
-98.615551, 158.088932, -139.150782
-98.197670, 157.385616, -138.326740
-98.418770, 161.928692, -137.638607
-96.219740, 154.750004, -135.091906
-96.336269, 156.242828, -134.834232
-96.407757, 158.906727, -134.743204
-98.553886, 167.718658, -137.141991
-98.582401, 169.211483, -137.030773
-102.081919, 179.842472, -149.406395
-102.157555, 177.603245, -149.406395
-100.857563, 183.400364, -145.895491
-98.464756, 186.560135, -139.682217
-98.493500, 189.580193, -141.967630
-96.669731, 185.899200, -136.712294
-97.346687, 186.611423, -138.154993
-94.427223, 183.234653, -134.840021
-95.208549, 186.131706, -136.505804
-95.730476, 182.081699, -135.149307
-98.330784, 191.680298, -144.927959
-97.722759, 188.873806, -140.415010
-97.000675, 190.338669, -141.080685
-97.641869, 190.991192, -142.794447
-96.790257, 192.267761, -143.621264
-95.208549, 189.474449, -139.842625
-96.952038, 188.167400, -138.864527
-67.534175, 68.691077, -188.890724
-66.098666, 68.409338, -188.956642
-66.098666, 67.808986, -187.473164
-68.662214, 69.436383, -185.233955
-64.150033, 67.130303, -185.233955
-63.003106, 66.588607, -187.053642
-61.620221, 66.351042, -187.206497
-56.496239, 64.367995, -184.622078
-59.380999, 65.322609, -185.233955
-54.902554, 65.203991, -186.011543
-54.902554, 64.199343, -184.891930
-52.663336, 64.064541, -184.825287
-57.752790, 64.690433, -182.994728
-55.987349, 64.527240, -179.660645
-59.380999, 65.638771, -180.755501
-52.663336, 63.624983, -182.994728
-50.424109, 63.685136, -180.755501
-54.902554, 65.852246, -171.798611
-61.076145, 68.704247, -169.559402
-60.552235, 68.937964, -168.347778
-62.709174, 69.020061, -170.731621
-67.265248, 71.219864, -170.632839
-57.141781, 68.457770, -168.105526
-54.902554, 67.197089, -168.799019
-52.663336, 67.420955, -168.787022
-52.663336, 66.252861, -169.906616
-56.357088, 66.624641, -170.245361
-59.194469, 67.255688, -171.933155
-52.663336, 65.537100, -171.798611
-42.022018, 64.231849, -184.237309
-43.706446, 63.379006, -182.994728
-43.706446, 63.439336, -180.755501
-43.706446, 64.583120, -175.341873
-38.489704, 64.716654, -180.755501
-39.609318, 64.234314, -180.755501
-39.960461, 64.352927, -182.356911
-41.352262, 64.006310, -183.059883
-40.529203, 64.716907, -183.849716
-39.182100, 67.889085, -183.977909
-37.236929, 70.120606, -182.565937
-36.080370, 67.838383, -180.979424
-36.880665, 67.838383, -182.677765
-37.060242, 67.881384, -176.277065
-36.356392, 67.881384, -178.516273
-37.437611, 66.180763, -182.605438
-37.094946, 65.836263, -180.755501
-38.457298, 64.671865, -178.516273
-37.203636, 65.791478, -178.516273
-37.968102, 66.525021, -174.994049
-39.917250, 64.403653, -176.871929
-39.897909, 66.209722, -184.143410
-41.467228, 64.657102, -175.428257
-46.149025, 66.178713, -171.736298
-43.706446, 65.098977, -174.037838
-42.017870, 66.432309, -172.662296
-47.031012, 66.738863, -170.665379
-40.525055, 66.966619, -173.033981
-67.406259, 124.691477, -123.426466
-63.859444, 124.432974, -122.812080
-65.874748, 126.131458, -122.280111
-61.844139, 126.178904, -121.925888
-63.859444, 126.191196, -121.747103
-58.059292, 124.901562, -123.580475
-42.729158, 134.059010, -121.563215
-47.082071, 131.707935, -121.424580
-45.945673, 133.110142, -120.856342
-35.625439, 139.536476, -162.498779
-35.888100, 142.865849, -161.553230
-66.505260, 199.238892, -175.523396
-61.620221, 195.517025, -174.402885
-61.620221, 193.277798, -174.851990
-61.620221, 197.599812, -171.798611
-60.154276, 197.020817, -173.194618
-59.513483, 191.038589, -173.963547
-60.287676, 196.792297, -170.395298
-31.070204, 140.412598, -123.456039
-43.567915, 134.906464, -120.727129
-45.945673, 135.058041, -120.220537
-33.834095, 157.450256, -118.989029
-33.761606, 161.061954, -119.006262
-68.337889, 182.333145, -133.062124
-55.703917, 185.540695, -134.683857
-57.141781, 184.320908, -133.913622
-54.935532, 185.833626, -135.806026
-51.206512, 185.558853, -136.867504
-52.663336, 186.314945, -138.210287
-54.211102, 185.351524, -134.949598
-48.971310, 185.653439, -140.449514
-40.884981, 180.590992, -140.449514
-39.629736, 179.471378, -140.449514
-49.713707, 185.295353, -137.476101
-46.558323, 183.484249, -136.797304
-48.304777, 184.891090, -138.217621
-42.583694, 180.964165, -137.088289
-46.160240, 183.743000, -138.210287
-34.395227, 173.124809, -135.971069
-33.567896, 170.210781, -133.025866
-36.978092, 177.123775, -138.191128
-35.495510, 175.258980, -137.896900
-35.267220, 174.884853, -135.971069
-38.384447, 178.403435, -138.210287
-35.564775, 174.491997, -134.543238
-39.504061, 179.352341, -138.210287
-39.865084, 179.002724, -136.854467
-29.147139, 142.489510, -126.140480
-29.147139, 142.489510, -125.315771
-29.147139, 143.505268, -126.140480
-28.994074, 146.254139, -124.475927
-29.035978, 144.425030, -122.948074
-29.187202, 145.205460, -121.455259
-28.802843, 148.493366, -122.535734
-30.680008, 144.457016, -121.084175
-33.102837, 164.145126, -122.641096
-31.636753, 159.529972, -120.436440
-33.299484, 168.681908, -129.292078
-33.323078, 167.959175, -127.628002
-33.494291, 165.436192, -123.457747
-30.271120, 148.493366, -120.416403
-29.063902, 149.910145, -121.220446
-28.870907, 146.698284, -121.083975
-33.080025, 161.061954, -119.006262
-32.943144, 157.450256, -118.989029
-32.745638, 161.856499, -120.325136
-33.305521, 163.383522, -121.090612
-33.567019, 169.896507, -130.064268
